﻿Date,陽性者数,(TOTAL)陽性者数
2020/1/14,1,1
2020/1/15,0,1
2020/1/16,0,1
2020/1/17,1,2
2020/1/18,0,2
2020/1/19,0,2
2020/1/20,2,4
2020/1/21,0,4
2020/1/22,1,5
2020/1/23,2,7
2020/1/24,1,8
2020/1/25,0,8
2020/1/26,1,9
2020/1/27,0,9
2020/1/28,1,10
2020/1/29,1,11
2020/1/30,0,11
2020/1/31,0,11
2020/2/1,1,12
2020/2/2,2,14
2020/2/3,2,16
2020/2/4,1,17
2020/2/5,1,18
2020/2/6,1,19
2020/2/7,2,21
2020/2/8,0,21
2020/2/9,0,21
2020/2/10,4,25
2020/2/11,0,25
2020/2/12,1,26
2020/2/13,0,26
2020/2/14,1,27
2020/2/15,0,27
2020/2/16,0,27
2020/2/17,0,27
2020/2/18,1,28
2020/2/19,0,28
2020/2/20,3,31
2020/2/21,0,31
2020/2/22,0,31
2020/2/23,1,32
2020/2/24,2,34
2020/2/25,3,37
2020/2/26,2,39
2020/2/27,2,41
2020/2/28,3,44
2020/2/29,0,44
2020/3/1,2,46
2020/3/2,1,47
2020/3/3,5,52
2020/3/4,3,55
2020/3/5,1,56
2020/3/6,6,62
2020/3/7,2,64
2020/3/8,4,68
2020/3/9,4,72
2020/3/10,9,81
2020/3/11,3,84
2020/3/12,7,91
2020/3/13,6,97
2020/3/14,6,103
2020/3/15,14,117
2020/3/16,17,134
2020/3/17,18,152
2020/3/18,23,175
2020/3/19,25,200
2020/3/20,34,234
2020/3/21,18,252
2020/3/22,36,288
2020/3/23,61,349
2020/3/24,47,396
2020/3/25,63,459
2020/3/26,67,526
2020/3/27,91,617
2020/3/28,95,712
2020/3/29,99,811
2020/3/30,158,969
2020/3/31,106,1075
2020/4/1,158,1233
2020/4/2,121,1354
2020/4/3,164,1518
2020/4/4,149,1667
2020/4/5,118,1785
2020/4/6,137,1922
2020/4/7,125,2047
2020/4/8,100,2147
2020/4/9,78,2225
2020/4/10,124,2349
2020/4/11,89,2438
2020/4/12,69,2507
2020/4/13,87,2594
2020/4/14,63,2657
2020/4/15,61,2718
2020/4/16,64,2782
2020/4/17,58,2840
2020/4/18,52,2892
2020/4/19,40,2932
2020/4/20,53,2985
2020/4/21,43,3028
2020/4/22,41,3069
2020/4/23,30,3099
2020/4/24,28,3127
2020/4/25,33,3160
2020/4/26,23,3183
2020/4/27,28,3211
2020/4/28,32,3243
2020/4/29,34,3277
2020/4/30,17,3294
2020/5/1,25,3319
2020/5/2,15,3334
2020/5/3,21,3355
2020/5/4,16,3371
2020/5/5,11,3382
2020/5/6,7,3389
2020/5/7,5,3394
2020/5/8,5,3399
2020/5/9,6,3405
2020/5/10,5,3410
2020/5/11,3,3413
2020/5/12,5,3418
2020/5/13,4,3422
2020/5/14,3,3425
2020/5/15,6,3431
2020/5/16,7,3438
2020/5/17,4,3442
2020/5/18,5,3447
2020/5/19,5,3452
2020/5/20,9,3461
2020/5/21,5,3466
2020/5/22,7,3473
2020/5/23,10,3483
2020/5/24,15,3498
2020/5/25,7,3505
2020/5/26,19,3524
2020/5/27,13,3537
2020/5/28,21,3558
2020/5/29,13,3571
2020/5/30,10,3581
2020/5/31,13,3594
2020/6/1,14,3608
2020/6/2,13,3621
2020/6/3,12,3633
2020/6/4,21,3654
2020/6/5,15,3669
2020/6/6,20,3689
2020/6/7,14,3703
2020/6/8,23,3726
2020/6/9,17,3743
2020/6/10,31,3774
2020/6/11,19,3793
2020/6/12,24,3817
2020/6/13,17,3834
2020/6/14,26,3860
2020/6/15,22,3882
2020/6/16,33,3915
2020/6/17,29,3944
2020/6/18,24,3968
2020/6/19,25,3993
2020/6/20,49,4042
2020/6/21,33,4075
2020/6/22,47,4122
2020/6/23,58,4180
2020/6/24,57,4237
2020/6/25,42,4279
2020/6/26,46,4325
2020/6/27,66,4391
2020/6/28,65,4456
2020/6/29,88,4544
2020/6/30,115,4659
2020/7/1,123,4782
2020/7/2,103,4885
2020/7/3,108,4993
2020/7/4,103,5096
2020/7/5,103,5199
2020/7/6,169,5368
2020/7/7,152,5520
2020/7/8,133,5653
2020/7/9,151,5804
2020/7/10,161,5965
2020/7/11,167,6132
2020/7/12,168,6300
2020/7/13,184,6484
2020/7/14,164,6648
2020/7/15,155,6803
2020/7/16,169,6972
2020/7/17,151,7123
2020/7/18,165,7288
2020/7/19,173,7461
2020/7/20,211,7672
2020/7/21,184,7856
2020/7/22,189,8045
2020/7/23,158,8203
2020/7/24,176,8379
2020/7/25,180,8559
2020/7/26,224,8783
2020/7/27,219,9002
2020/7/28,230,9232
2020/7/29,200,9432
2020/7/30,193,9625
2020/7/31,186,9811
2020/8/1,231,10042
2020/8/2,200,10242
2020/8/3,234,10476
2020/8/4,223,10699
2020/8/5,183,10882
2020/8/6,130,11012
2020/8/7,163,11175
2020/8/8,140,11315
2020/8/9,141,11456
2020/8/10,177,11633
2020/8/11,179,11812
2020/8/12,157,11969
2020/8/13,137,12106
2020/8/14,145,12251
2020/8/15,165,12416
2020/8/16,135,12551
2020/8/17,159,12710
2020/8/18,126,12836
2020/8/19,114,12950
2020/8/20,106,13056
2020/8/21,89,13145
2020/8/22,118,13263
2020/8/23,90,13353
2020/8/24,123,13476
2020/8/25,123,13599
2020/8/26,93,13692
2020/8/27,88,13780
2020/8/28,86,13866
2020/8/29,91,13957
2020/8/30,68,14025
2020/8/31,96,14121
2020/9/1,114,14235
2020/9/2,88,14323
2020/9/3,92,14415
2020/9/4,108,14523
2020/9/5,103,14626
2020/9/6,88,14714
2020/9/7,100,14814
2020/9/8,107,14921
2020/9/9,106,15027
2020/9/10,91,15118
2020/9/11,67,15185
2020/9/12,97,15282
2020/9/13,74,15356
2020/9/14,130,15486
2020/9/15,93,15579
2020/9/16,93,15672
2020/9/17,94,15766
2020/9/18,76,15842
2020/9/19,65,15907
2020/9/20,72,15979
2020/9/21,97,16076
2020/9/22,113,16189
2020/9/23,108,16297
2020/9/24,104,16401
2020/9/25,108,16509
2020/9/26,95,16604
2020/9/27,83,16687
2020/9/28,112,16799
2020/9/29,106,16905
2020/9/30,85,16990
2020/10/1,128,17118
2020/10/2,98,17216
2020/10/3,99,17315
2020/10/4,91,17406
2020/10/5,108,17514
2020/10/6,112,17626
2020/10/7,113,17739
2020/10/8,138,17877
2020/10/9,118,17995
2020/10/10,115,18110
2020/10/11,93,18203
2020/10/12,138,18341
2020/10/13,108,18449
2020/10/14,98,18547
2020/10/15,86,18633
2020/10/16,99,18732
2020/10/17,74,18806
2020/10/18,76,18882
2020/10/19,109,18991
2020/10/20,122,19113
2020/10/21,102,19215
2020/10/22,91,19306
2020/10/23,118,19424
2020/10/24,99,19523
2020/10/25,96,19619
2020/10/26,129,19748
2020/10/27,98,19846
2020/10/28,109,19955
2020/10/29,99,20054
2020/10/30,126,20180
2020/10/31,113,20293
2020/11/1,117,20410
2020/11/2,173,20583
2020/11/3,185,20768
2020/11/4,156,20924
2020/11/5,177,21101
2020/11/6,184,21285
2020/11/7,159,21444
2020/11/8,167,21611
2020/11/9,208,21819
2020/11/10,223,22042
2020/11/11,229,22271
2020/11/12,223,22494
2020/11/13,231,22725
2020/11/14,231,22956
2020/11/15,243,23199
2020/11/16,289,23488
2020/11/17,321,23809
2020/11/18,287,24096
2020/11/19,253,24349
2020/11/20,266,24615
2020/11/21,229,24844
2020/11/22,198,25042
2020/11/23,231,25273
2020/11/24,278,25551
2020/11/25,243,25794
2020/11/26,236,26030
2020/11/27,262,26292
2020/11/28,224,26516
2020/11/29,239,26755
2020/11/30,281,27036
2020/12/1,281,27317
2020/12/2,301,27618
2020/12/3,281,27899
2020/12/4,293,28192
2020/12/5,249,28441
2020/12/6,262,28703
2020/12/7,336,29039
2020/12/8,369,29408
2020/12/9,336,29744
2020/12/10,363,30107
2020/12/11,322,30429
2020/12/12,333,30762
2020/12/13,329,31091
2020/12/14,457,31548
2020/12/15,432,31980
2020/12/16,461,32441
2020/12/17,396,32837
2020/12/18,387,33224
2020/12/19,383,33607
2020/12/20,447,34054
2020/12/21,543,34597
2020/12/22,595,35192
2020/12/23,561,35753
2020/12/24,520,36273
2020/12/25,571,36844
2020/12/26,579,37423
2020/12/27,609,38032
2020/12/28,708,38740
2020/12/29,762,39502
2020/12/30,846,40348
2020/12/31,915,41263
2021/1/1,1161,42424
2021/1/2,1296,43720
2021/1/3,1328,45048
2021/1/4,1525,46573
2021/1/5,1396,47969
2021/1/6,1365,49334
2021/1/7,1178,50512
2021/1/8,1040,51552
2021/1/9,963,52515
2021/1/10,900,53415
2021/1/11,902,54317
2021/1/12,1032,55349
2021/1/13,900,56249
2021/1/14,739,56988
2021/1/15,738,57726
2021/1/16,701,58427
2021/1/17,598,59025
2021/1/18,718,59743
2021/1/19,611,60354
2021/1/20,551,60905
2021/1/21,540,61445
2021/1/22,540,61985
2021/1/23,443,62428
2021/1/24,427,62855
2021/1/25,511,63366
2021/1/26,424,63790
2021/1/27,442,64232
2021/1/28,364,64596
2021/1/29,362,64958
2021/1/30,309,65267
2021/1/31,264,65531
2021/2/1,352,65883
2021/2/2,371,66254
2021/2/3,307,66561
2021/2/4,279,66840
2021/2/5,275,67115
2021/2/6,241,67356
2021/2/7,210,67566
2021/2/8,245,67811
2021/2/9,218,68029
2021/2/10,227,68256
2021/2/11,203,68459
2021/2/12,228,68687
2021/2/13,214,68901
2021/2/14,197,69098
2021/2/15,225,69323
2021/2/16,184,69507
2021/2/17,190,69697
2021/2/18,186,69883
2021/2/19,171,70054
2021/2/20,174,70228
2021/2/21,143,70371
2021/2/22,180,70551
2021/2/23,178,70729
2021/2/24,175,70904
2021/2/25,153,71057
2021/2/26,155,71212
2021/2/27,131,71343
2021/2/28,159,71502
2021/3/1,184,71686
2021/3/2,193,71879
2021/3/3,163,72042
2021/3/4,189,72231
2021/3/5,166,72397
2021/3/6,172,72569
2021/3/7,166,72735
2021/3/8,197,72932
2021/3/9,202,73134
2021/3/10,181,73315
2021/3/11,195,73510
2021/3/12,204,73714
2021/3/13,207,73921
2021/3/14,172,74093
2021/3/15,270,74363
2021/3/16,227,74590
2021/3/17,202,74792
2021/3/18,208,75000
2021/3/19,245,75245
2021/3/20,227,75472
2021/3/21,189,75661
2021/3/22,266,75927
2021/3/23,258,76185
2021/3/24,258,76443
2021/3/25,248,76691
2021/3/26,221,76912
2021/3/27,217,77129
2021/3/28,242,77371
2021/3/29,290,77661
2021/3/30,282,77943
2021/3/31,262,78205
2021/4/1,310,78515
2021/4/2,313,78828
2021/4/3,333,79161
2021/4/4,278,79439
2021/4/5,361,79800
2021/4/6,385,80185
2021/4/7,357,80542
2021/4/8,316,80858
2021/4/9,350,81208
2021/4/10,329,81537
2021/4/11,384,81921
2021/4/12,486,82407
2021/4/13,466,82873
2021/4/14,517,83390
2021/4/15,450,83840
2021/4/16,487,84327
2021/4/17,465,84792
2021/4/18,462,85254
2021/4/19,607,85861
2021/4/20,574,86435
2021/4/21,548,86983
2021/4/22,536,87519
2021/4/23,518,88037
2021/4/24,505,88542
2021/4/25,533,89075
2021/4/26,669,89744
2021/4/27,662,90406
2021/4/28,653,91059
2021/4/29,557,91616
2021/4/30,591,92207
2021/5/1,615,92822
2021/5/2,551,93373
2021/5/3,614,93987
2021/5/4,551,94538
2021/5/5,617,95155
2021/5/6,621,95776
2021/5/7,642,96418
2021/5/8,573,96991
2021/5/9,495,97486
2021/5/10,557,98043
2021/5/11,549,98592
2021/5/12,494,99086
2021/5/13,398,99484
2021/5/14,474,99958
2021/5/15,385,100343
2021/5/16,382,100725
2021/5/17,475,101200
2021/5/18,437,101637
2021/5/19,403,102040
2021/5/20,352,102392
2021/5/21,355,102747
2021/5/22,378,103125
2021/5/23,374,103499
2021/5/24,396,103895
2021/5/25,381,104276
2021/5/26,380,104656
2021/5/27,301,104957
2021/5/28,308,105265
2021/5/29,261,105526
2021/5/30,257,105783
2021/5/31,303,106086
2021/6/1,294,106380
2021/6/2,271,106651
2021/6/3,245,106896
2021/6/4,234,107130
2021/6/5,229,107359
2021/6/6,229,107588
2021/6/7,260,107848
2021/6/8,278,108126
2021/6/9,273,108399
2021/6/10,256,108655
2021/6/11,229,108884
2021/6/12,274,109158
2021/6/13,222,109380
2021/6/14,289,109669
2021/6/15,293,109962
2021/6/16,281,110243
2021/6/17,293,110536
2021/6/18,310,110846
2021/6/19,322,111168
2021/6/20,319,111487
2021/6/21,343,111830
2021/6/22,402,112232
2021/6/23,381,112613
2021/6/24,319,112932
2021/6/25,375,113307
2021/6/26,340,113647
2021/6/27,354,114001
2021/6/28,452,114453
2021/6/29,455,114908
2021/6/30,465,115373
2021/7/1,416,115789
2021/7/2,477,116266
2021/7/3,451,116717
2021/7/4,444,117161
2021/7/5,552,117713
2021/7/6,603,118316
2021/7/7,620,118936
2021/7/8,548,119484
2021/7/9,533,120017
2021/7/10,620,120637
2021/7/11,636,121273
2021/7/12,880,122153
2021/7/13,961,123114
2021/7/14,914,124028
2021/7/15,877,124905
2021/7/16,891,125796
2021/7/17,888,126684
2021/7/18,1005,127689
2021/7/19,1336,129025
2021/7/20,1420,130445
2021/7/21,1439,131884
2021/7/22,1458,133342
2021/7/23,1644,134986
2021/7/24,1928,136914
2021/7/25,2184,139098
2021/7/26,2657,141755
2021/7/27,2837,144592
2021/7/28,2819,147411
2021/7/29,2641,150052
2021/7/30,2646,152698
2021/7/31,2571,155269
2021/8/1,3052,158321
2021/8/2,3327,161648
2021/8/3,3325,164973
2021/8/4,3275,168248
2021/8/5,3196,171444
2021/8/6,3239,174683
2021/8/7,3173,177856
2021/8/8,3047,180903
2021/8/9,3477,184380
2021/8/10,3979,188359
2021/8/11,3671,192030
2021/8/12,3579,195609
2021/8/13,3497,199106
2021/8/14,3308,202414
2021/8/15,3309,205723
2021/8/16,3726,209449
2021/8/17,3676,213125
2021/8/18,3422,216547
2021/8/19,3042,219589
2021/8/20,2971,222560
2021/8/21,2837,225397
2021/8/22,2565,227962
2021/8/23,3033,230995
2021/8/24,2880,233875
2021/8/25,2580,236455
2021/8/26,2280,238735
2021/8/27,2161,240896
2021/8/28,1983,242879
2021/8/29,1740,244619
2021/8/30,1800,246419
2021/8/31,1555,247974
2021/9/1,1601,249575
2021/9/2,1261,250836
2021/9/3,1152,251988
2021/9/4,980,252968
2021/9/5,886,253854
2021/9/6,1033,254887
2021/9/7,893,255780
2021/9/8,824,256604
2021/9/9,687,257291
2021/9/10,772,258063
2021/9/11,543,258606
2021/9/12,503,259109
2021/9/13,573,259682
2021/9/14,497,260179
2021/9/15,470,260649
2021/9/16,344,260993
2021/9/17,301,261294
2021/9/18,260,261554
2021/9/19,239,261793
2021/9/20,238,262031
2021/9/21,226,262257
2021/9/22,177,262434
2021/9/23,201,262635
2021/9/24,179,262814
2021/9/25,130,262944
2021/9/26,133,263077
2021/9/27,144,263221
2021/9/28,114,263335
2021/9/29,117,263452
2021/9/30,79,263531
2021/10/1,99,263630
2021/10/2,77,263707
2021/10/3,69,263776
2021/10/4,82,263858
2021/10/5,68,263926
2021/10/6,55,263981
2021/10/7,45,264026
2021/10/8,35,264061
2021/10/9,35,264096
2021/10/10,24,264120
2021/10/11,40,264160
2021/10/12,26,264186
2021/10/13,41,264227
2021/10/14,29,264256
2021/10/15,33,264289
2021/10/16,16,264305
2021/10/17,18,264323
2021/10/18,28,264351
2021/10/19,23,264374
2021/10/20,20,264394
2021/10/21,18,264412
2021/10/22,7,264419
2021/10/23,21,264440
2021/10/24,36,264476
2021/10/25,7,264483
2021/10/26,15,264498
2021/10/27,16,264514
2021/10/28,24,264538
2021/10/29,12,264550
2021/10/30,16,264566
2021/10/31,11,264577
2021/11/1,13,264590
2021/11/2,16,264606
2021/11/3,11,264617
2021/11/4,19,264636
2021/11/5,17,264653
2021/11/6,18,264671
2021/11/7,13,264684
2021/11/8,20,264704
2021/11/9,12,264716
2021/11/10,23,264739
2021/11/11,9,264748
2021/11/12,9,264757
2021/11/13,7,264764
2021/11/14,11,264775
2021/11/15,15,264790
2021/11/16,17,264807
2021/11/17,10,264817
2021/11/18,8,264825
2021/11/19,9,264834
2021/11/20,11,264845
2021/11/21,10,264855
2021/11/22,13,264868
2021/11/23,11,264879
2021/11/24,6,264885
2021/11/25,15,264900
2021/11/26,13,264913
2021/11/27,9,264922
2021/11/28,8,264930
2021/11/29,12,264942
2021/11/30,10,264952
2021/12/1,15,264967
2021/12/2,15,264982
2021/12/3,7,264989
2021/12/4,10,264999
2021/12/5,9,265008
2021/12/6,18,265026
2021/12/7,22,265048
2021/12/8,17,265065
2021/12/9,14,265079
2021/12/10,16,265095
2021/12/11,21,265116
2021/12/12,8,265124
2021/12/13,18,265142
2021/12/14,25,265167
2021/12/15,22,265189
2021/12/16,23,265212
2021/12/17,28,265240
2021/12/18,21,265261
2021/12/19,26,265287
2021/12/20,32,265319
2021/12/21,30,265349
2021/12/22,32,265381
2021/12/23,28,265409
2021/12/24,25,265434
2021/12/25,43,265477
2021/12/26,62,265539
2021/12/27,53,265592
2021/12/28,71,265663
2021/12/29,73,265736
2021/12/30,101,265837
2021/12/31,148,265985
2022/1/1,258,266243
2022/1/2,397,266640
2022/1/3,637,267277
2022/1/4,837,268114
2022/1/5,966,269080
2022/1/6,1107,270187
2022/1/7,1185,271372
2022/1/8,1237,272609
2022/1/9,1479,274088
2022/1/10,2286,276374
2022/1/11,3053,279427
2022/1/12,3361,282788
2022/1/13,3573,286361
2022/1/14,2946,289307
2022/1/15,1883,291190
2022/1/16,1229,292419
